0 0 0 0 0, 0 0 0 0 0, 0 0 0 0 0, 0 0 0 0 0, 0 0 0 0 0, 0 0 0 0 0, 0 0 0 0 0, 0 0 0 0 0, 0 0 0 0 0, 0 0 0 0 0, 0 0 0 0 0
0 0 0 0 0, 0 0 0 0 0, 0 0 0 0 0, 0 0 0 0 0, 0 0 0 0 0, 0 0 0 0 0, 0 0 0 0 0, 0 0 0 0 0, 0 0 0 0 0, 0 0 0 0 0, 0 0 0 0 0
0 0 0 0 0, 0 0 0 0 0, 0 0 0 0 0, 0 0 0 0 0, 0 0 0 0 0, 0 0 0 0 0, 0 0 0 0 0, 0 0 0 0 0, 0 0 0 0 0, 0 0 0 0 0, 0 0 0 0 0
0 0 0 0 0, 0 0 0 0 0, 0 0 0 0 0, 0 0 0 0 0, 0 0 0 0 0, 0 0 0 0 0, 0 0 0 0 0, 0 0 0 0 0, 0 0 0 0 0, 0 0 0 0 0, 0 0 0 0 0
0 0 0 0 0, 0 0 0 0 0, 0 0 0 0 0, 50 0 2 2 1, 50 0 2 2 1, 0 0 0 0 0, 0 0 0 0 0, 0 0 0 0 0, 0 0 0 0 0, 0 0 0 0 0, 0 0 0 0 0
0 0 0 0 0, 0 0 0 0 0, 0 0 0 0 0, 50 0 2 2 1, 255 0 7 3 1, 50 0 2 2 1, 0 0 0 0 0, 0 0 0 0 0, 255 0 7 3 1, 0 0 0 0 0, 0 0 0 0 0
0 0 0 0 0, 0 0 0 0 0, 0 0 0 0 0, 50 0 2 2 1, 50 0 2 2 1, 50 0 2 2 1, 50 0 2 2 1, 0 0 0 0 0, 50 0 2 3 1, 0 0 0 0 0, 0 0 0 0 0
0 0 0 0 0, 0 0 0 0 0, 0 0 0 0 0, 0 0 0 0 0, 0 0 0 0 0, 50 15 2 2 1, 0 0 0 0 0, 0 0 0 0 0, 0 0 0 0 0, 0 0 0 0 0, 0 0 0 0 0
0 0 0 0 0, 0 0 0 0 0, 0 0 0 0 0, 0 0 0 0 0, 0 0 0 0 0, 0 0 0 0 0, 0 0 0 0 0, 0 0 0 0 0, 0 0 0 0 0, 0 0 0 0 0, 0 0 0 0 0
0 0 0 0 0, 0 0 0 0 0, 0 0 0 0 0, 0 0 0 0 0, 0 0 0 0 0, 0 0 0 0 0, 0 0 0 0 0, 0 0 0 0 0, 0 0 0 0 0, 0 0 0 0 0, 0 0 0 0 0
0 0 0 0 0, 0 0 0 0 0, 0 0 0 0 0, 0 0 0 0 0, 0 0 0 0 0, 0 0 0 0 0, 0 0 0 0 0, 0 0 0 0 0, 0 0 0 0 0, 0 0 0 0 0, 0 0 0 0 0